Costo de Caminos Cortos. Formato: ID, ID, peso

1 1 0
1 2 17
1 3 6
1 4 15
1 5 15
1 6 46
1 7 33
1 8 28
1 9 24
1 10 27
1 11 60
2 1 17
2 2 0
2 3 19
2 4 17
2 5 15
2 6 33
2 7 17
2 8 11
2 9 11
2 10 11
2 11 47
3 1 6
3 2 19
3 3 0
3 4 10
3 5 20
3 6 51
3 7 32
3 8 23
3 9 29
3 10 23
3 11 65
4 1 15
4 2 17
4 3 10
4 4 0
4 5 18
4 6 50
4 7 31
4 8 13
4 9 28
4 10 13
4 11 63
5 1 15
5 2 15
5 3 20
5 4 18
5 5 0
5 6 32
5 7 31
5 8 25
5 9 15
5 10 25
5 11 45
6 1 46
6 2 33
6 3 51
6 4 50
6 5 32
6 6 0
6 7 20
6 8 43
6 9 23
6 10 43
6 11 17
7 1 33
7 2 17
7 3 32
7 4 31
7 5 31
7 6 20
7 7 0
7 8 24
7 9 17
7 10 24
7 11 33
8 1 28
8 2 11
8 3 23
8 4 13
8 5 25
8 6 43
8 7 24
8 8 0
8 9 21
8 10 1
8 11 57
9 1 24
9 2 11
9 3 29
9 4 28
9 5 15
9 6 23
9 7 17
9 8 21
9 9 0
9 10 20
9 11 36
10 1 27
10 2 11
10 3 23
10 4 13
10 5 25
10 6 43
10 7 24
10 8 1
10 9 20
10 10 0
10 11 56
11 1 60
11 2 47
11 3 65
11 4 63
11 5 45
11 6 17
11 7 33
11 8 57
11 9 36
11 10 56
11 11 0